$ANSIBLE_VAULT;1.1;AES256
38383135323638363864666436396365313563623533383166613433643939316236656233393661
3066643362373462616336373466643535393431383536310a636162316537616238643734633265
34613639663766393433656630393162363465656338376463373463323165613937353164316564
6238636264663461340a356166386233323365633832646332646261383364343237663738613639
31396537656634333539386431393962363331303132383338626362616335383865363130323638
37306337626234643862376539386138636265646663336361316136316533623961356661666362
31323337383430376337326465656161386239326661386563613935373437653363336530633639
38656666626361373764666532326161323437396434376666623164653935623334316535353066
31346261396263333465313638316234643965636364336638623062653363336466386531316362
32663662613339623636646432306562633466383265336661363533653334303536313863643632
34663864386165643735613133393265303735356463306235306664376163343535346263646532
37363535613062383933313365633533316433643931316532653361363634393166336437363237
31643461393831343531623163316566663264666462353132643137316634386361383235353065
62383761666337393436633063633031313737373866653831356133316530353538343735666563
32633435353436353739373437613031323465353535303666386632306266646261316438663237
64303837356636666565633533646134313463353064623138303336633234333039663137396332
63366535316633663632393932663961613365313862313339363431323464386531633135343533
32396135343764656361623031366139303136373139356430356135363564386365353633656538
63303365353231616639343365343931353731643662333037343139623736333730313563386233
30306538326537373937623864383037653961373935383734616234633332336437663462363665
62343533396464343365366165326630616630386631623232326230393830383761313362653130
34633634313836303261623039396631643461373564626338333261366234613939633261363862
37663961633564316133666231343164646363316666376535623834356631633936653365366534
34383237343733623064313734643730376236346561363438663431626331313864393437303534
33356663663966616663353233643530646133333039346231326566386233646434366631356534
30303161653338353433636166323661643930633730633265663334306535396431376262333034
37663637383663323463333264343036383461613264383639613661666461623832616263633463
63386230653661386463393338306264343439623635633630353435393865316565663832623961
66323735656464363335393239323163613334613163323834316266623739353439386632343764
38393032386264663264653533633962356366636262313235663532626636666230343632336336
65353339356332323961393266333033646232343037646334333563663331303730346266396530
35663239376666623735386632613163356465353465316136646465636530313965306430353138
38373737333131313839653331303239326562643833613139326365336537323235376138626234
35376463616231663635653634353464613235363935626535393161613764323231333234303331
65393133323831323736333233623635393836376166376134306330613862623765336363326564
61393662353163313265353331643836633536313835396239383262333764623731643766336533
35346461353266333232653139343139653063336438303066336563356538376437373862366164
61316630336666666433333765646534626661336561623631313130356362373565363038383835
66616435316533653136346263653535343631323032623132616466643636393864333061333265
64383031363665393934306131363735316265656632356639373935633939386232396337363539
61303137356331313764393265366434306265366338333032633464663763623664353561326562
36326136363363656634323132316565636133386234303430393137303063336564343561323538
36633764303862646363383934326130666664326233313061333765306462336331306531346233
32313966633630643962393961666661383239333463616136313663663036653933646563643333
30373837393465363365613534363132396634653430323136633831396433333831643534393235
34333133356138303330363034633336313130383332666334383636336264643061663166323334
30623239303266663461343366333939396363646166643732303465653837343364616662666136
38393866633334666631653730626265303336666534376438613533303166373430656361666434
30613666386561666561383636633536626135363961316131393064386536653364363938383562
64653462343537646334623235316637616637636563383562386635633465643735303564353137
61366466656139623535333162306438393761636663303233633333613064323338663132366563
34376339323666353764303330643335343464393736356638333663303866356137613530313766
32653263393365633064353637373839356563656163346465386334613864316264386233353461
61626232306266656363643431616264666438383130623137366333653135373838616131373761
37373138633333653061616338363334633562353334386531346561303033383534343961363839
38626337316566633037386436323332303532306631383666663737626139336464663835353266
63666565346330306238623963653037643465653432316330383531363261333064633338353366
36366336316230366435343063386534356363633166613666383362336564323530316439653164
64653731656133376664366662383765636161386433666664363461653662383335613465313239
31613564633765616535333737653466356631363030356665613334393465333737303263646633
37366564376138663461303833316161363562356131626237303338376262366432633934636662
35643861346135633934303561653564383666623865383061313434323338313839326233303836
36396163663333663062326262643430363062623338613061336335633162316531383032643435
61353964653562623138646638663536326664363739653636613631623133326431356235386466
61306461333563636366343434613061353635313035666530613463653931656432653432313339
36336461303761393261303636336335343234383066633266323237313533343734336333643030
31323064303763383966613963363066623631373763303235613231336466376665393262356366
63393538633934656434356434306639623132313736383662646632323438613939383264393837
30653638346261383066373765666533326435616132643137656665323638343066373537636631
30653164323037316361353735323465363936333062643562303634353639623633326138363539
63313234373432376665616561366535333734356461623338393432373233653133323066626336
35366538373431656533633634616663333166663963633138653337346262386232663138383464
34616434393132323139373363643431636233346431646661666561383433356433313162626330
39666563386561633637343230323530313262373539316131303134626638326138633231643066
65343332396263386361633732313165383862333366346130663036333362323563376332303733
62613833393538623164383934303337336436363861363239313732613539313064383063383738
63386564663938383961366233373837306131363435386364623031353734386664636630333035
38343433373638376362346335346432613438303663383162306163633263626438393533623961
33346136353265313139636138353966653936653965616461376137653565663966653735613031
63623831346639643837386165316134363730373062663538333839653838333432336539383933
34393066623865636461353435323736303735386165383163663732343234643664616634373861
64353064316533653735366136343064376465303063643863643735643266626264356564383761
39373262633238376562376632633332386263616430353362653264626538643864353362666432
34646235646439656465353338333838313836336335313666393435376561633337386434383132
39393234666232633864623339636638656637333030353063386338303130326233323233653933
33306661613335396137613735626365343939333135303433613630623562616538623437633466
33643533646634626135346364383431666330313363366361363765363965666563623262376433
65333233643737393464303761326130356638393138663162386161363330353661313431356265
37613435353735356266333035613035323938333730363962363466356230383563663765393066
62616139333037343338616239616631323830323032393232313762383363653735666263646436
63613563613662666530326632363633623365616237303436383462323262666265363164343865
39323835313565353034646166313961373663333364663333613532306433643230356365613764
35346631346663623332326566663138366261653662663836303239373034386561363032326634
38656539396330393637306663313962396365383763346537303037333135643838396263393431
61383038393836313636633937373065313463306130613239363238313236656333666561303835
38323766336536386636666533636662663634383966643533383635646138353261386661313765
35363234353231626366623930353131656232643562366432636562663866383833346436333833
63383131373631666565666361656234383832383166633935646336383565666132666562633034
36393034616463333531656138383534326337333135653437393232316532613163336539383534
34356364623231306430376332653634396261663339643865643066366134623864333633343938
32373033396438386563623534386363366538386233633063643731373463373664646537346363
37663232343931666337636366366361396362316363663834393638633432326462366331643636
65643931393132316365303037343734303465356164663839653938373133353436396466623063
63643434633538356439396538656438393565373930643533623436623265376535663230663165
63353463353933316531366435373830326463386236343762306265333339333838613362363534
30353133613836336135623133393336333230363232643066353863303730303832663133636235
36393764646264623538616462653033663138616565643766396339333535313336623933326465
31616362363566653066303131623036373964356465343861323539393665636333373164633032
37366638383330666165323935356536623737346463313764376332376638333761613064663837
61326139616430356239386638373432373165393333636666343334666161383931656634636665
66356263323562313936396163353862346630333136613165633734383834616363303636626535
39336462636461616633356261343332393161383734326636623236653561646637316334613363
66323261393634613834616161633535333630323265663534333163323332626238363239346238
32663836363432613564646638303135653431346136333461646636656565343633653831373163
30313636343132656165633463666364306532316130623733363037333866306634613765373465
61303233616235666639363437393762333732386130373830303365653338306237626663326564
35666335653935613465313538396435343530333136663239633338313936653431343632343930
61366266346132646334316432313133623832333938316561303735376130623137666432363733
34393932363138353964666135316334346139393362353665363963333337656166356637316630
39353131373434313665306632666462316561313239656564393362653839643530323133396364
66653330646365396538363664396632343337633936636636636461353633373962303962656261
38653037353738346163303030623765343439303932656566323330653634336631663166646539
61393163396433666565346333363634353066313430646233326366356231333533393963333238
64656635376332363339366666623931643032623066326666363362626337326531646664623232
61373638343232356162646665313162306639316266306539313464383964326461656238393831
61386436393965346430353764653166393632343635333064373034393339326262623533646464
37303138383664306437396332346534393864333464663032383063613231386237363835386235
38346162393234636235333065316561643431633233623132386631633833663935353534656465
31316161383365376364346466633461633661303132366231323566333437376432343335393663
38393662386430653432303739656137323866326139373331316663346165366164316530353162
38653235333634616666303663373064646563303230303961346533373962653063343439316539
31386433333634366532383134633266333263643936333065646435386630376338353931663033
39666134323033393430303732346231326439313965633565393561313936313239386261343531
36656465396238616137613439616532393738383961383439353933636630386634333137373633
61666432653438393762373934363566323235353332303135346164656437316133316266646635
39333833336238346462616163316438326130396232393531373036366362613662643638333862
37633565626263636237353734663264663930383236373832356238643534616365306233333965
37303331343532396230633833333532313630393530636634343765613739326266653332336331
33313830626432666132313535623537373133323561663538326363616237656337313464666661
37303231363434646136336363656663646530326534333664303035356334396362363262366262
30326633623464643335323033336262313264316632313163633836386339303134366430623736
34373564346234336465353866663132376430386536326333633032636264343537396435366566
33383964613062326461376364356561396630313632653336333237393233306438386565653362
30666233623839353363396263616332313361323666373931613235346530656362316535343466
65636164346238353163393931333232353565393638393661653139396130383762626666623666
63653266333962313130333964663737336332356561346562313535376439396639643032326631
38663933366539343132633931663836373365386138653561373631623136343766313139393335
63343163636337643433663430326632663039666135393166316264393837356563626232323165
63306331633132333739363031353031343534353961343564306465333564336461663665383762
36386136643337313235363532336661633332326533383139633961653965666137613936386463
34623465643162646534326464376462643936333931376361646661333164613466653666663039
33643534376433313663626338376334323234646666383539636337336133366265636161373135
64643562666237333462363461326336373730313438663733666662663064653531396232396631
38653831306332613732363437346237636663653137646666316237343336376333306266316530
31373765373164653666356337626538656465303037323535663936383766323866376436626330
36313362353461366135383834303838663130353765663961383965656432616233663035646235
31376136643533366462363231323161313239663663323361313236386234366666623737343864
61633763383562333632626433306233323537326139326232356665386631333230343763383233
62316165303762386361356332376365396433376566633264363866383261343933313239613236
61636161383439346261623663383861646136373466636439663735643737633663333932613132
63663366393239633836623764306337396362623533353732363762623866356539353864323338
32333430303166643036303561353930363536336662386433333839323237333030633532393639
65333965346663313037633162363330663739393764313433366539303537653530613837353535
33643565383961616233343433363939343662333062643136333862326138373262343734356232
35636433383665666264656437386537333334393463656632633066653764363565666631636466
31373665626631346361353438373439623139666664383432336365373864386661613230383034
61393635303935303063643431333335393630343561303461366137373833333462336338343832
32366165336630623430646666326435313930646165633863663934636661323564316333326432
35653164333939336266346530373363666139653663303064366630316363356535376262653263
63373532643966393939363036633635353564333039376138303364343939356233653531643561
61353532373335633931363933303038613238363330663631313736323263303230323931366438
30346565643066336433373564666130323933323862376233653836623336663166356536333862
33356366623335383065313965313139306339333932333264623031383439653139383934336133
38623633643930333166353864356635633933373566356532613665303237323634316132666165
39386565346132316232633037343032663439376136313863353466343939333533656232643932
62383965313736613237623465313063346334623963373164646161373332343564663930376232
34396538356633363662646137303762626437333061616335353733393637303234393037613130
64356564653334643533313937396163663736313231393932383431333466613966653930343366
30383636363537386462303663343436636630326663303830313434613037636561636636323832
36343039383065636233316533323561383264636565316235363830666632646137623633393032
38336161633263336662306266613562653265363435356430303936613730363262633562353062
34663261313839653033306263383666343839666463633866363062353865313132363830663433
36636437313834396436303633623663316566623830376264623738636465333362343432373430
34623864616230616265353831343639633739336136393234623361366163613136356235353234
66623861646635303533616265613635626366653534383330643138376432333535333135366332
37656263333466613839393139616432396433356266613665633338633335666461666161663662
63653361643732373832353261656562333639373063643433663066626434356331366365353839
31323464323464376635626239346534363830613862643335393230386661376536663730653161
32353531663139663866303962316238303439646231393636383035383734373132656630653135
65316462623366376439326261326338626631303738656266316430653163643537386138646138
37343039633734613661326365316335616439663034383739326631623638653436383039373739
63326639666432646636383131373434363333643039636234323363353832393833626639326265
63363635623732366433376566313834326338356531363863643338366538386131626161333532
33323663616634653532383333326266303734643135393430643864356131323435653363386537
32313664313861653532666565346435363666393836333030656138363730373231393861663730
31383834623233636663383638313638626163323364663837393234343336383962326139323933
64303261316465303332323330343037336231623539633534616161633263396630376433316263
35343162623561333839363934363963636131303934313132383233313038643565666464326431
65363162623966633934616138383037323561376137346162613838653965386664646230333130
61623132626463626462656434306637346439376262646265363330623663316362393136383561
39646466643336306566623334363637386138633064636133353165653932643465626236613636
32303461353661386430343265643166313532386436373136363538656137633032316133333934
61636332396230356638323464623362383538623166363337393334323766343135316337653336
37623165343562336565363633663332363634653933653732316661373830303739346337356663
31623563623830616134316531353537393134386466376536353234356363633465626231653265
32633833363836306264326661616436326364363033633565333337323838303837666563643532
64623535663262653163323930653330646334393164373535363465643337646666663134373437
62386239356230313936643665346638396235333537636234353863373165343364663264313635
66373035323764623166636362383233353165666333323763326365376535393463366361376130
61363364373334663866376665303138633734356361633562633636376662656233363234656139
33666366626535323561373034353939623934343035653262313136373838383337623466366465
36343636303330383734386239633464393835353966393333653832366562396163373238303238
37656230363363666362343465323632653266613765343334653061316537353765626635313066
62313036656339333039326263383033643265656565396666353764323061653065663664373138
32653564616233383737633138643237343639313937343238666335333062313132343163323935
30353937623637653735356134336238616633393639323235656166616535366634653865386131
64323239346163636135646666366136326462656132633466633833306463356164326132643237
33336330333661666138316463393465383337373066643564396262373462393639333434303766
38616334623466616530363737663930393361383536663230343565356537373433613737656539
62326337616533303864336262383566353435656135656334363634636634353439316433613031
32343338386136383132353835346265656561616465363763666532363664323838373964623634
64386562636663343965333230363839346130363564323839663933313665646161613139373032
66333164643831666331383138643639646663336236373134373765396230353031353464316565
36613864633130373330663630666239373134643738303234646631663432393663663133353936
64353338363337633639316537343830346661666139383861376336373264346234303535363430
65643165333865336238633965373565346132633238363661396362306634646430656237633865
35666637393339333738616433343865653238613139393961343662623461613364646230613462
30333235386539346233646662666266356136313731616232663135333565333037663833636539
64663637373037393933663532613538343635346330383664323765656139363562626533303535
66333265393562376335313363396635386132656466356232633762323266313865346537333165
31663931343866343732393739363433333339366437353563373332653161653030386231653138
61386235336330323064656535366364623734633661396362636534636138363736626264663039
61656366616665633066363666373832306538396163366161663164363930333562313032306333
62316235666532633665333931393731396165326165653438623261323237383361376236393031
33646262643137396537303938653236336363643931313466633832633566376264333634393035
38633734373038386630653264353066386262393131303964313235643164326234306665383634
32626164363831313030353035386538356231336334393433633437646166323365333763396461
39666161663764373437303038366364366662653266663238386638643862646264383039373839
32383330623532336231613934323039343137646136393230656163333831303736373436386130
61653265646166653036333639373237396366643736616162343862396462646365666432643264
37313465313835373166663363646630393239343665386664346132303335373865303063653966
35313432356431653665376136323133643636383466346230333962356134356436343566353332
39346461323734363666663131333430336233373465363262336530663139623965383534343234
63633261653135343230386565343838626432363436376161353530613636383464623138636165
32353732656632333533366265616436666439326162626432383732313437626136316631646533
32646333303532373337343831306637633831343463393735323637663365303634333532353138
38363963623864636433373566303430336161336366396130366366386561633732663965633461
30643732313439633830376538656634633135353734306331636135343963303636613938386139
38396364396238343132336439663865616331663733386637343465353362393631373666373436
33393962373561353738363235313438303861633736363438653563313462633465333430366536
37366635633838623236356234656166383138353734613666666666363833383736303762393538
37663835633261323734346262353961366631643665323234346434333734616636346431626131
66663131656234316636653966363735386533383662376635303936646639393430303234626235
65326336343665376339656463396634653838363362346466636631346436353265633465643234
33336131386135323837323136626333383339656639616662333263336535393839613164373365
33313566656262646237333536353632613838386663313733623539396161656133343830646635
39646430633139363731623636383865393436666164326265356230386265623162366163636564
65636634656539363063643035323133376265636238353964373065656535366438393637313265
39656235343731353963333938376661623531333737396262346632313235393531333535653039
66643935623730643035656137383734663666303539613965623031646337316461373466646432
31353862366163643333366562373761666561633736656132336235396630373033356234633138
64643965626636396637356236303463343437663936653962343636353735613530323566353635
65343235343334643935363938316432393737333064313431326265333763666563323930386239
62663331323234616435653737623866386165323938303236316636613531653236346638353533
37303932313731666231353835313665396161613063656433386432343834646536633434373431
36663830636137396463666364333861623132306234363565356261363634363037623635356263
62366235363931363236383864313966303066646632393531386232656664373133653739383732
64383132383735363735366264663462373263616165323833633836333136623332383161343964
64383338643537346538303365646564306161656633656638613565323361343231346234623832
63363130346462386662643832613237626332383961656631633831346235313137303332316139
34393165636133356239363163633431663066353435623437376463626164353666643038303231
34326230616633316136626264346534663065346636393963313139353334346161303763396532
39663466306665643036623565313637643361393735636431626330663761323662613430326362
37366130343930323236363164353239666361353064363261363032383430633938313936336630
61336133316264353135396661646566303164306262376666643430363835633739356364383834
35306335363636306635653132623961316335336338333438383766646265643431353466663932
63343636303137393335373466356634356434333133343839333738303335343263356265346565
30633464336430623638366530623866643064396133313636353363393937653738643136623436
62656431313663326639303839656531393165653936393231653732383935636233663831366634
36313538306334616535623635326337333836353334633831303331333334613266396638323739
66363566386131316361613333316139636364643538616432306337313337376132613533623637
63373730656332633365346433613565626439656238313831336137643538353638386134616137
36626361336430313738643439613734353566366665656664303766663239633566613336383235
30303531333739366633363330643433393530636434663965653163613233383631323661356263
34326535353761303864643862333766353335663737656565613963326465306165303633303831
31656130613232633262643337653832383664333664343836323264306331386663363232326161
38366565346162613035376261316138646339656439623435373339613137333266343766313738
66393335636230353433613037386465633962643632626265393139623738663162396131616533
63613764386636363437393434663934326437613239623665643035643733373131656236633262
36346231383032373238376130643734343839613064353365653335376238643334356237636533
35326466623631313138336233646337383465346265346431343031373338623562343862636537
65636238626363623031653163343338393562666265376161396565626638393930623333313339
37323034613336303766366166623235636138303334653132653466613731323236613364323838
33396237636339336362616637623138626465393131313663363765623035333033343136396338
38363837373732356265376362393239623764353133373232333830636233306332323761396666
65656266386136363866623962653038396336653338393236363432393864393031333830393833
64383237613763653263383765393336343638373234663065623763346561393662366230613332
32363432393963323337643030353463653561643439626463313030666532343063653338613239
62393935313163653232646565666663666164366164303135646139656461373738313830306336
61303465336334313137393038356564306566353733336232353433376165643238373331623764
34333533343430386631666435353761656539393933336538373139323230316466636436393831
39393633323563633534316264623563366464353336393965613563333431623766363762306237
64613131646262336564396262663837613363353239376638306465343930653965316539623966
33323733396131343762
